.Random.seed <-
c(403L, 10L, 842899186L, 1798456900L, -1964988153L, 740487389L, 
537155028L, -1661368070L, 2112581701L, 733321375L, 1273545254L, 
-246344016L, -1478149293L, 1058739825L, 600021920L, -166737090L, 
-921824695L, -679049477L, 2119366346L, -951121876L, 179834927L, 
973500645L, 2097928604L, 380232690L, -1196843411L, 477612967L, 
1457321422L, -1299340504L, -1675990741L, 1658467145L, -159590312L, 
383270150L, -1365190431L, -1997942669L, 382594274L, -1765983148L, 
265535831L, -930193075L, 208024804L, -330495798L, -2057820875L, 
-782677105L, 2096418966L, 2073841728L, 672938243L, 759715105L, 
-1953974768L, 845899246L, 1097439641L, 533632555L, -466149606L, 
2029012444L, -589091873L, 1228037045L, -805960372L, 1847260066L, 
2039954173L, -549420041L, 719912222L, 2099429336L, -263892677L, 
-1057945895L, -158647704L, -346338410L, -1074925807L, 1226447043L, 
-1449023278L, 1372114276L, 1744064679L, -1753643523L, 875255796L, 
1316610266L, 1851240997L, -102846657L, 642882758L, -213921456L, 
-1345126029L, -215913583L, -899670592L, 631592862L, 1068149097L, 
-1952503397L, -728318806L, -1597314356L, 882324367L, -753711163L, 
716999548L, 251990994L, -218709171L, 276234759L, 47563246L, 365681864L, 
19329995L, 77682217L, -1831854984L, -915531354L, -1388577855L, 
290699347L, 256814850L, 1460714036L, -221491273L, 1835749293L, 
2089807044L, 905568490L, -115902635L, 1159899375L, 1572675318L, 
-1580799456L, -634650653L, 1907356801L, -1247968528L, 886638990L, 
1769137913L, 1094677643L, 1415077050L, -1569212484L, -658479873L, 
-696997803L, 128719724L, -29445182L, 51917853L, -735468393L, 
-876219906L, 1493438904L, 655334811L, -1087953927L, -129299640L, 
559253110L, -1043251279L, -1370693149L, -308091214L, -3286268L, 
1750263879L, 1169293085L, -806312556L, 229583162L, -1565985403L, 
-1457070497L, 593422566L, -247190672L, -54948717L, 662280497L, 
1152450528L, -1110244226L, 158533385L, -1590597317L, -1370534646L, 
-1048550164L, -1349586577L, -1689553243L, -1179703204L, -1897996238L, 
-2080983251L, 1310971367L, 1093454094L, 1590619880L, 562323691L, 
1955586441L, -1079721704L, 1671246918L, -289293151L, 146965299L, 
336284322L, -736951916L, 394047511L, 2138163213L, 1284701476L, 
183077130L, 864231541L, -191779889L, 812973270L, -146191232L, 
35181251L, -2016347039L, -1191084848L, 1313639982L, -1471361063L, 
-1629933589L, 970196570L, 625557532L, -482296545L, -1466794635L, 
-596169716L, -1581109790L, 248221373L, 736479543L, -196686370L, 
-808336616L, 1110035067L, 1510271001L, -846831448L, 576488022L, 
-1775464751L, 39870083L, -863242990L, -1435533148L, -945463193L, 
-922807875L, 1914747700L, 152473754L, -330729755L, 1282728063L, 
-1395975674L, 181601680L, 1717942323L, 1100306385L, -510558848L, 
2072072286L, -295026775L, 1721402971L, 575830634L, -801470708L, 
1202172239L, 445032965L, -1752295236L, -93531758L, 2086865549L, 
2053822663L, -781054546L, -1904822264L, 205671435L, 355518697L, 
-2078201928L, 1764606054L, 150606081L, 1698514835L, -2006550462L, 
-271839244L, 914475511L, -1034119568L, 1800447012L, 1692811064L, 
1494087834L, -1152327984L, -1841816388L, -1657632108L, 1557926530L, 
-1757126464L, -623372996L, 1805416592L, 397391394L, -539971064L, 
-1051476724L, 1832620700L, -2097412590L, -875280000L, -1284662764L, 
-2132586968L, 371831098L, -185140272L, 151174764L, 205116212L, 
1503564434L, -515021472L, -985948852L, 1500369888L, 763932578L, 
2071920552L, 999278476L, 907987644L, -1058368654L, -1748899600L, 
-75660220L, -228113064L, -1497694150L, -850947216L, -1439894468L, 
1326881556L, -1652415038L, -1151181600L, 1911095164L, -897132848L, 
794716834L, 504202280L, 229929228L, -688645188L, 734371122L, 
985565120L, 1099601460L, 1575871432L, 1126907066L, 1365049232L, 
178258412L, -1160743852L, -13514094L, -1221154016L, 1301506508L, 
1964413920L, -1929900350L, 1329354280L, -13889876L, 1369783996L, 
770261490L, 994046256L, 187082916L, -282142024L, -1167272102L, 
-1395700336L, 2006080892L, -279885548L, -253573822L, -568347904L, 
-377166916L, 1790079824L, -1850401502L, 1660258632L, 1067670540L, 
-698502052L, -303921966L, 1814524928L, -976091308L, -1962837528L, 
-1445862406L, -1480097072L, 898420012L, 340133108L, 1280922514L, 
-1492282272L, 569743628L, -1660775712L, 2032360802L, 1826125480L, 
-373359028L, 1053414268L, 1301823282L, -92648848L, 1162301764L, 
956876760L, 141661306L, -1979340240L, 494089916L, 2054801236L, 
398120514L, -443770976L, -1651612484L, 1087853008L, 1599385954L, 
187912168L, 111432652L, -700254468L, 1566643186L, -419173248L, 
-31495948L, 860987528L, -771501766L, -1058976944L, -1787129748L, 
-450958188L, -1241131694L, 65952480L, 71539916L, -538442592L, 
-995195518L, 1886008552L, 1262839020L, 1970849852L, -329569166L, 
79342704L, -1415278044L, -881035720L, 706740762L, 675278032L, 
717516348L, 1898539156L, -1109560190L, -1169927232L, -1270027972L, 
429674128L, 1433351202L, -306331640L, -165542772L, -1652048868L, 
-368553838L, 1764637824L, -1151939564L, 469215016L, -2000121798L, 
424892624L, -1714741140L, 225695412L, 794065938L, -766643232L, 
1651983308L, -2095928864L, 2003056674L, 1362726184L, 2122187020L, 
1513710140L, 631679218L, -701289232L, -2086830268L, -702014376L, 
884440634L, -301074192L, 726697660L, -1674034668L, -1226816318L, 
-2079237536L, -139558532L, -1778262832L, -614313950L, 1512019112L, 
826306956L, 390173116L, -1337783246L, -1446703296L, 1955007156L, 
2095865160L, -1834903878L, 790874896L, -706176788L, -1313764268L, 
620638994L, 302927264L, -699308084L, -1038632096L, 1617972418L, 
1949102632L, 1571773868L, 931148604L, 2136801138L, 708095792L, 
-497284060L, 1699205688L, -671476006L, -1259986032L, 1370923260L, 
1046489492L, 527674178L, 1394995712L, 990032956L, -1007678896L, 
1141773474L, 1538070344L, 1107035660L, 2104542940L, 1855430738L, 
-131850112L, -125746348L, -184306712L, 1783964410L, 786304848L, 
-1262235604L, -2087538316L, 474987154L, 1547285088L, -16855924L, 
-352387744L, 2109784290L, 1568696488L, 12788428L, -913668612L, 
856717234L, 749535216L, -418873916L, -1631413928L, -1228642585L, 
-1591785712L, 1202361902L, -1844785957L, -1080598083L, 1932099370L, 
-763303992L, -1960862479L, -19393949L, 1970124388L, 1769110930L, 
-1116071321L, -2133921231L, 1827561334L, 1345356948L, 334740133L, 
-562366545L, 1352696936L, -2010257338L, -42082829L, -1821828779L, 
-1409012942L, 948227840L, -1299964951L, -563648933L, 1715124396L, 
1391324858L, -2102875025L, 431958521L, -504574834L, 1202971996L, 
1528796621L, -368076489L, 1235878848L, -1668465506L, 1275797867L, 
-688334611L, 1233633626L, 123771416L, 18016129L, -790600397L, 
-2031400108L, -1181885086L, -1921729033L, 1599403585L, -983289146L, 
-1797512188L, -1209896011L, 397347999L, -1627567880L, 123224278L, 
-1510364829L, 197887269L, -1533689150L, -170201168L, 1467225049L, 
-1512555189L, -1987626052L, 1598383082L, 226559007L, 1555743401L, 
1794426430L, 1090321196L, -845515395L, 1791916999L, -1084241232L, 
-779388722L, 1430090235L, -852057507L, -1199202934L, -279370328L, 
149613329L, -905500157L, 1089928452L, 288495922L, 1562609543L, 
549402065L, -122804394L, -148703948L, 2118884421L, 1298171023L, 
582701576L, -644968922L, 343258835L, -1411405771L, -1192720494L, 
169539424L, -1456442679L, -2029758981L, -792542772L, -1088984998L, 
-2077960881L, 1944001561L, 347742766L, 1392500796L, -808335955L, 
-1808501161L, -711669856L, 1386407166L, -279693365L, -309984819L, 
-1001253638L, 707557176L, -1873959711L, -140048493L, 401529780L, 
573403330L, -783260457L, 1884115233L, -1241827098L, -331420188L, 
-105887467L, -442629825L, 1818152152L, 668468470L, 521830147L, 
-1882408891L, 2085263458L, -759246896L, 1061672185L, 1269423659L, 
-628782692L, -73770550L, 102439615L, 1908042761L, -210350818L, 
165064908L, 429429917L, 847915303L, 307958608L, -1369469458L, 
-27772261L, 1784114429L, -812567574L, 945857672L, 1598298673L, 
-2134684509L, 2003529892L, 532177234L, -45179737L, -1581098767L, 
985763894L, -15896364L, 827638885L, 779206255L, 642678952L, 1094258182L, 
1317203763L, 1706527637L, 1979662322L, 1756625984L, -1638398551L, 
